545
650  875
370  775 400
155  555 495 235
645  745 200 490 515
 90  550 560 285  70 580
375  845 520 140 305 620 290
440  585 300 340 310 215 375 470
625  980 450 275 490 660 540 400 520
255  335 550 445 225 460 225 520 260  650
700  940 105 460 560 180 625 590 370  550 610
700  370 675 835 700 550 680 930 510 1020 480 470
750  840 220 575 610 105 680 700 320  690 560 170 650
480  825 300 130 350 500 400 255 370  160 500 385 860 530
355  680 290 130 215 385 280 260 220  310 350 350 720 470 155
310  525 385 285 165 350 235 390 150  470 200 450 560 450 310 170
165  405 600 410 190 510 145 425 310  670 120 660 550 610 520 390 250
 75  505 580 315 100 570  40 330 370  570 200 640 650 670 430 300 250 105
570  710 190 390 440 115 505 520 140  570 385 255 520 215 440 290 280 440 500
290  270 615 515 300 530 280 600 330  725  85 680 410 630 570 430 270 150 250 460
650  390 590 750 605 460 610 840 420  930 400 650  90 560 780 630 470 490 580 430 350 
470  450 440 585 440 315 445 675 270  795 230 510 260 420 610 470 310 340 410 280 240 170
690  580 630 800 660 465 655 890 460  980 440 700 280 570 820 680 520 550 620 470 440 190 220
650 1000 230 300 515 440 570 425 490  285 740 325 870 470 180 330 560 690 600 380 810 780 630 820
310  265 725 550 330 640 280 560 440  810 200 790 500 740 660 530 380 180 250 570 140 430 370 570 920
800  530 735 910 755 605 770 980 580 1080 540 800 180 540 920 780 625 660 720 570 510 150 320 120 940 600
420  270 630 630 420 510 410 710 350  810 210 700 300 610 660 520 360 280 370 470 135 230 210 400 820 220 390
160  325 715 480 260 635 200 500 430  735 190 780 580 730 590 460 340 140 180 560 180 500 420 620 760 100 700 300
230  350 570 430 210 490 200 480 280  680  40 640 500 590 520 380 220  80 170 410 100 430 260 470 760 160 570 220 150
Aachen
Basel
Berlin
Bremen
Dortmund
Dresden
Duesseldorf
Emden
Erfurt
Flensburg
Frankfurt M.
Frankfurt O.
Garmen-Patenkirchen
Goerlitz
Hamburg
Hannover
Kassel
Koblenz
Koeln
Leipzig
Mannheim
Muenchen
Nuernberg
Passau
Rostock
Saarbruecken
Salzburg
Stuttgart
Trier
Wiesbaden
